X = [107	159
83	3
83	24
100	88
24	100
94	29
133	22
74	19
157	146
146	152
82	146
82	117
156	83
156	100
156	72
156	72
142	150
21	142
21	142
21	142
21	149
29	22
161	240
30	11
30	178
85	160
85	158
85	163
85	164
85	153
127	165
166	49
76	168
76	173
168	173
149	84
73	167
73	102
148	151
84	148
57	40
106	5
106	5
106	5
144	5
144	5
169	153
152	4
152	179
4	170
4	1
4	1
4	181
170	152
1	2
171	7
171	172
172	7
154	169
52	173
174	175
174	176
174	181
174	181
177	98
178	174
178	179
179	181
179	181
180	116
117	179
12	183
12	183
12	10
183	10
10	1
10	1
10	2
66	28
66	28
56	28
18	28
79	184
79	136
184	67
13	58
13	114
58	113
185	27
186	41
186	41
186	53
186	208
186	209
186	210
55	213
59	128
187	67
187	136
96	15
96	15
188	119
189	204
71	45
190	200
109	45
109	45
109	38
109	38
191	202
191	91
192	196
192	221
193	196
193	220
194	223
195	194
105	132
120	224
41	67
41	136
41	90
197	46
197	46
198	203
199	145
6	41
6	121
53	210
68	202
202	91
202	91
202	91
91	206
208	209
36	201
36	138
138	95
138	131
131	139
90	206
210	206
211	70
108	143
130	16
93	147
212	50
212	42
118	80
80	140
126	205
125	207
75	135
214	63
214	32
63	32
215	214
215	63
215	241
215	241
216	219
216	242
217	31
217	43
31	112
123	110
23	44
64	34
218	64
32	226
219	64
219	64
219	218
219	228
17	194
17	195
220	78
221	78
134	225
222	229
223	224
124	87
48	47
141	98
141	227
230	238
230	61
81	60
81	60
81	241
81	241
231	26
231	86
14	99
14	233
14	236
14	238
99	232
99	103
99	103
234	238
235	156
33	240
236	61
236	239
86	25
237	111
60	241
241	123
241	123
242	218
242	243
104	103
155	244
65	92
129	101
101	245
77	115
39	97
246	54
246	97
51	20
247	137
248	249
165	49
73	148
73	148
73	148
181	116
186	36
186	131
196	194
215	217
216	215
242	241
247	83
122	175
208	62
89	150
89	150
9	8
182	176
209	37
35	162
107	100
159	156
83	29
83	156
83	249
100	24
88	133
88	94
94	133
157	156
146	142
146	11
82	142
82	11
72	29
72	142
72	21
72	11
156	249
142	127
142	21
142	11
11	111
11	127
11	21
21	127
21	22
21	29
22	29
161	7
161	30
161	117
158	85
30	179
30	7
30	165
30	180
30	117
165	7
167	102
148	106
148	57
57	106
57	151
106	144
106	151
144	5
169	7
7	152
7	179
7	180
7	117
4	1
4	5
4	89
4	173
4	62
4	171
5	1
5	89
5	62
1	2
1	37
1	89
1	62
89	150
89	173
154	52
174	37
174	62
177	122
177	182
62	2
62	37
62	181
37	181
37	116
122	60
122	155
122	182
182	60
182	155
46	66
46	12
46	50
50	66
50	12
12	66
183	28
183	10
10	28
66	56
66	18
79	91
79	121
79	206
79	27
79	132
13	125
13	58
13	185
13	59
58	125
58	120
58	185
58	59
185	120
185	196
185	105
55	139
55	68
55	53
55	145
55	15
187	143
187	197
187	34
187	212
187	41
96	68
96	16
96	200
95	108
95	67
188	189
188	71
188	114
189	71
189	114
71	114
71	91
71	70
71	27
190	113
190	114
27	113
27	114
27	91
27	206
16	202
16	68
16	211
16	191
16	45
16	198
16	119
16	204
16	200
109	45
109	119
109	204
191	202
191	45
191	198
191	119
191	204
69	199
69	6
69	121
194	120
196	120
196	105
105	75
105	120
41	143
41	197
41	34
41	212
15	139
15	67
15	68
15	53
15	145
132	121
132	206
197	212
197	143
197	34
197	147
198	45
67	108
67	42
67	139
67	205
67	68
67	53
199	126
199	140
199	6
6	108
6	136
6	64
6	126
6	140
45	119
45	204
200	68
53	139
53	68
53	201
53	145
68	139
68	145
203	70
121	206
91	70
91	206
136	108
136	64
119	204
205	108
206	70
207	113
207	114
36	131
113	114
113	70
114	70
108	139
143	34
143	212
130	70
93	42
34	212
118	23
80	135
38	8
38	128
128	8
63	43
215	31
215	110
215	241
217	31
31	229
31	110
31	241
110	241
123	243
123	104
123	234
23	44
23	64
23	32
64	44
64	32
43	32
32	219
17	222
17	134
78	87
223	48
124	48
98	35
226	35
228	35
81	60
81	112
54	60
54	155
231	233
26	25
26	103
14	103
14	99
99	77
232	104
33	60
33	237
33	155
60	155
104	243
104	244
65	101
129	245
129	97
77	115
77	39
39	115
97	92
51	137
111	248
24	74
19	20
19	39
78	86
100	88
94	29
74	19
157	146
156	100
156	72
142	150
21	149
161	240
30	11
76	173
84	148
57	40
106	5
152	4
177	98
12	183
10	2
79	136
185	27
187	67
109	38
192	196
105	132
120	224
199	145
6	121
202	91
212	50
215	63
216	219
123	110
64	34
32	226
17	194
220	78
134	225
222	229
124	87
48	47
141	227
230	238
81	241
14	233
235	156
237	111
242	243
104	103
77	115
39	97
246	54
247	137
9	8
293	226
295	242
276	72
308	2
290	98
314	38
316	38
317	38
318	38
321	38
322	38
323	38
315	128
319	128
320	128
294	227
301	104
302	103
284	39
281	77
300	77
305	150
304	171
307	167
277	170
289	133
285	100
286	100
287	88
303	88
288	94
280	19
283	19
282	74
278	127
311	67
310	197
312	136
296	64
313	47
297	48
299	134
298	124
306	169
309	80
291	154
292	154
279	160
324	47
325	9
326	9
327	73
328	73
100	88
94	29
74	19
157	146
156	100
156	72
142	150
21	149
161	240
30	11
76	173
84	148
57	40
106	5
152	4
177	98
12	183
10	2
79	136
185	27
187	67
109	38
192	196
105	132
120	224
199	145
6	121
202	91
212	50
215	63
216	219
123	110
64	34
32	226
17	194
220	78
134	225
222	229
124	87
48	47
141	227
230	238
81	241
14	233
235	156
237	111
242	243
104	103
77	115
39	97
246	54
247	137
9	8
293	226
295	242
276	72
308	2
290	98
314	38
316	38
317	38
318	38
321	38
322	38
323	38
315	128
319	128
320	128
294	227
301	104
302	103
284	39
281	77
300	77
305	150
304	171
307	167
277	170
289	133
285	100
286	100
287	88
303	88
288	94
280	19
283	19
282	74
278	127
311	67
310	197
312	136
296	64
313	47
297	48
299	134
298	124
306	169
309	80
291	154
292	154
279	160
324	47
325	9
326	9
327	73
328	73];

F = [250	9
250	47
251	146
251	72
251	142
251	29
251	22
251	82
251	21
251	11
251	127
251	111
251	160
251	164
251	166
251	248
252	8
252	128
252	38
253	1
253	2
253	5
253	4
253	171
253	172
253	174
253	181
253	116
253	173
253	89
253	175
253	176
254	183
254	10
254	28
255	12
255	66
255	56
255	18
255	46
255	50
255	62
255	37
256	106
256	144
256	57
256	150
256	73
256	167
256	102
256	84
256	148
256	52
256	149
256	76
256	168
256	85
256	151
256	154
257	65
257	92
257	101
257	115
257	39
257	20
257	19
258	246
258	137
258	129
258	245
258	97
258	51
259	157
259	156
259	247
259	159
259	83
260	13
260	58
260	185
260	105
260	125
260	75
260	196
260	194
260	120
260	195
261	32
261	214
261	63
261	219
261	43
261	242
261	218
261	44
261	64
262	215
262	216
262	217
262	229
262	110
262	241
262	243
262	31
262	112
262	233
263	40
264	192
264	193
264	223
264	224
264	17
264	220
264	221
264	134
264	124
264	222
264	48
265	100
265	107
265	3
265	24
265	74
265	249
266	88
266	94
266	133
267	226
267	98
267	141
267	35
267	228
268	213
268	187
268	41
268	199
268	210
268	36
268	201
268	138
268	131
268	206
268	143
268	126
268	205
268	136
268	6
268	23
268	34
268	118
268	147
268	42
269	186
269	53
269	55
269	67
269	145
269	95
269	139
269	108
269	197
269	212
269	96
269	93
270	81
270	60
270	122
270	182
270	54
270	177
270	227
270	240
270	33
270	235
270	237
270	155
270	122
270	182
271	161
271	152
271	170
271	7
271	178
271	179
271	180
271	117
271	30
271	165
271	49
271	169
271	153
271	158
271	163
271	162
272	59
272	188
272	189
272	71
272	190
272	91
272	203
272	70
272	79
272	184
272	114
272	113
272	27
272	132
272	207
272	135
272	121
272	90
272	80
272	140
273	109
273	119
273	204
273	45
273	200
273	191
273	198
273	202
273	211
273	130
273	16
273	68
273	69
273	15
273	208
273	209
274	78
274	225
274	87
274	99
274	232
274	103
274	230
274	231
274	61
274	86
274	244
275	123
275	234
275	238
275	236
275	239
275	104
275	26
275	14
275	25
275	77];

